		4,2	5,2	6,2	7,2	8,2	9,2	10,2	11,2	12,2	13,2	14,2	15,2	16,2	17,2	18,2	19,2	20,2	21,2	22,2	23,2	24,2	25,2	26,2	27,2	28,2	29,2	30,2	31,2	32,2	33,2	34,2	35,2	36,2	37,2	38,2	39,2	40,2	41,2	42,2	43,2
	3,3																																								43,3
	3,4																																								43,4
	3,5											14,5	15,5	16,5			19,5	20,5																							43,5
	3,6		5,6	6,6							13,6	14,6		16,6	17,6	18,6	19,6	20,6	21,6	22,6										32,6	33,6						39,6	40,6			43,6
	3,7		5,7	6,7							13,7				17,7	18,7	19,7	20,7	21,7	22,7										32,7	33,7						39,7	40,7			43,7
	3,8			6,8							13,8				17,8	18,8	19,8	20,8	21,8	22,8											33,8					38,8					43,8
	3,9				7,9						13,9	14,9			17,9	18,9	19,9	20,9	21,9	22,9											33,9				37,9						43,9
	3,10				7,10	8,10						14,10	15,10	16,10	17,10	18,10	19,10	20,10	21,10												33,10			36,10							43,10
	3,11					8,11					13,11	14,11	15,11		17,11	18,11		20,11	21,11	22,11											33,11		35,11								43,11
	3,12					8,12	9,12				13,12				17,12	18,12				22,12											33,12	34,12	35,12								43,12
	3,13					8,13	9,13				13,13				17,13	18,13				22,13											33,13	34,13	35,13								43,13
	3,14					8,14		10,14			13,14				17,14	18,14				22,14											33,14			36,14							43,14
	3,15					8,15			11,15			14,15	15,15	16,15			19,15	20,15	21,15												33,15				37,15						43,15
	3,16					8,16			11,16																						33,16				37,16	38,16					43,16
	3,17					8,17				12,17																					33,17					38,17	39,17				43,17
	3,18					8,18				12,18	13,18	14,18	15,18	16,18	17,18	18,18	19,18	20,18							27,18	28,18				32,18	33,18						39,18	40,18			43,18
	3,19					8,19				12,19							19,19	20,19								28,19					33,19										43,19
	3,20					8,20				12,20																28,20	29,20				33,20										43,20
	3,21					8,21				12,21																28,21	29,21				33,21										43,21
	3,22					8,22	9,22			12,22																28,22		30,22			33,22										43,22
	3,23					8,23	9,23			12,23	13,23	14,23	15,23	16,23	17,23	18,23	19,23									28,23		30,23			33,23										43,23
	3,24									12,24				16,24												28,24			31,24		33,24										43,24
	3,25									12,25					17,25											28,25			31,25		33,25										43,25
	3,26									12,26					17,26											28,26			31,26	32,26	33,26										43,26
	3,27									12,27						18,27										28,27				32,27	33,27										43,27
	3,28									12,28							19,28									28,28				32,28	33,28										43,28
	3,29									12,29	13,29						19,29	20,29							27,29	28,29				32,29	33,29										43,29
	3,30																19,30	20,30								28,30															43,30
	3,31																19,31									28,31															43,31
	3,32																19,32									28,32															43,32
	3,33																19,33									28,33															43,33
	3,34																19,34									28,34															43,34
	3,35																19,35									28,35															43,35
	3,36																19,36									28,36															43,36
	3,37																19,37									28,37															43,37
	3,38																19,38									28,38															43,38
	3,39																19,39									28,39															43,39
	3,40																19,40	20,40	21,40	22,40	23,40	24,40	25,40	26,40	27,40	28,40															43,40
	3,41																19,41									28,41															43,41
	3,42	4,42																																						42,42	43,42
		4,43	5,43	6,43	7,43	8,43	9,43	10,43	11,43	12,43	13,43	14,43	15,43	16,43	17,43	18,43	19,43	20,43	21,43	22,43	23,43	24,43	25,43	26,43	27,43	28,43	29,43	30,43	31,43	32,43	33,43	34,43	35,43	36,43	37,43	38,43	39,43	40,43	41,43	42,43	