																																33,1	34,1	35,1	36,1	37,1	38,1	39,1	40,1	41,1	42,1	43,1	44,1	45,1	46,1	47,1	48,1	49,1	50,1																									
																										27,2	28,2	29,2	30,2	31,2	32,2	33,2	34,2	35,2	36,2	37,2	38,2	39,2	40,2	41,2	42,2	43,2	44,2	45,2	46,2	47,2	48,2	49,2	50,2	51,2	52,2	53,2	54,2	55,2	56,2	57,2																		
																						23,3	24,3	25,3	26,3	27,3	28,3	29,3	30,3	31,3	32,3	33,3	34,3	35,3	36,3	37,3	38,3	39,3	40,3	41,3	42,3	43,3	44,3	45,3	46,3	47,3	48,3	49,3	50,3	51,3	52,3	53,3	54,3	55,3	56,3	57,3	58,3	59,3	60,3	61,3														
																			20,4	21,4	22,4	23,4	24,4	25,4	26,4	27,4	28,4	29,4	30,4	31,4	32,4																				52,4	53,4	54,4	55,4	56,4	57,4	58,4	59,4	60,4	61,4	62,4	63,4	64,4											
																17,5	18,5	19,5	20,5	21,5	22,5	23,5	24,5	25,5	26,5	27,5												39,5	40,5	41,5	42,5	43,5	44,5	45,5												57,5	58,5	59,5	60,5	61,5	62,5	63,5	64,5	65,5	66,5	67,5								
														15,6	16,6	17,6	18,6	19,6	20,6	21,6	22,6	23,6													36,6	37,6	38,6	39,6	40,6	41,6	42,6	43,6	44,6	45,6	46,6	47,6	48,6												60,6	61,6	62,6	63,6	64,6	65,6	66,6	67,6	68,6	69,6						
												13,7	14,7	15,7	16,7	17,7	18,7	19,7	20,7	21,7							28,7	29,7	30,7	31,7						37,7	38,7	39,7	40,7	41,7	42,7	43,7	44,7	45,7	46,7	47,7						53,7	54,7	55,7	56,7							63,7	64,7	65,7	66,7	67,7	68,7	69,7	70,7					
											12,8	13,8	14,8	15,8	16,8	17,8	18,8	19,8						25,8	26,8	27,8	28,8	29,8	30,8	31,8	32,8						38,8	39,8	40,8	41,8	42,8	43,8	44,8	45,8	46,8						52,8	53,8	54,8	55,8	56,8	57,8	58,8	59,8						65,8	66,8	67,8	68,8	69,8	70,8	71,8	72,8			
										11,9	12,9	13,9	14,9	15,9	16,9	17,9							24,9	25,9	26,9	27,9	28,9	29,9	30,9	31,9	32,9	33,9						39,9	40,9	41,9	42,9	43,9	44,9	45,9						51,9	52,9	53,9	54,9	55,9	56,9	57,9	58,9	59,9	60,9						66,9	67,9	68,9	69,9	70,9	71,9	72,9	73,9		
									10,10	11,10	12,10	13,10	14,10	15,10	16,10									25,10	26,10	27,10	28,10	29,10	30,10	31,10	32,10	33,10	34,10						40,10	41,10	42,10	43,10	44,10						50,10	51,10	52,10	53,10	54,10	55,10	56,10	57,10	58,10	59,10									68,10	69,10	70,10	71,10	72,10	73,10	74,10	
								9,11	10,11	11,11	12,11	13,11	14,11	15,11											26,11	27,11	27,12	29,11	30,11	31,11	32,11	33,11	34,11	35,11							42,11							49,11	50,11	51,11	52,11	53,11	54,11	55,11	56,11	57,11	58,11											69,11	70,11	71,11	72,11	73,11	74,11	75,11
							8,12	9,12	10,12	11,12	12,12	13,12	14,12	15,12					20,12							27,12	28,12	29,12	30,12	31,12	32,12	33,12	34,12	35,12	36,12											47,12	48,12	49,12	50,12	51,12	52,12	53,12	54,12	55,12	56,12	57,12						63,12	64,12					69,12	70,12	71,12	72,12	73,12	74,12	75,12
							8,13	9,13	10,13	11,13	12,13	13,13	14,13					19,13	20,13	21,13	22,13						28,13	29,13	30,13	31,13	32,13	33,13	34,13	35,13	36,13	37,13									46,13	47,13	48,13	49,13	50,13	51,13	52,13	53,13	54,13	55,13	56,13						62,13	63,13	64,13	65,13					70,13	71,13	72,13	73,13	74,13	75,13
							8,14	9,14	10,14	11,14	12,14	13,14	14,14					19,14	20,14	21,14	22,14	23,14						29,14	30,14	31,14	32,14	33,14	34,14	35,14	36,14	37,14	38,14	39,14	40,14	41,14	42,14	43,14	44,14	45,14	46,14	47,14	48,14	49,14	50,14	51,14	52,14	53,14	54,14	55,14						61,14	62,14	63,14	64,14	65,14					70,14	71,14	72,14	73,14	74,14	75,14
							8,15	9,15	10,15	11,15	12,15	13,15	14,15					19,15	20,15	21,15	22,15	23,15	24,15						30,15	31,15	32,15	33,15	34,15	35,15	36,15	37,15	38,15								46,15	47,15	48,15	49,15	50,15	51,15	52,15	53,15	54,15						60,15	61,15	62,15	63,15	64,15	65,15					70,15	71,15	72,15	73,15	74,15	75,15
							8,16	9,16	10,16	11,16	12,16	13,16	14,16					19,16	20,16	21,16	22,16	23,16	24,16	25,16						31,16	32,16	33,16	34,16	35,16	36,16	37,16										47,16	48,16	49,16	50,16	51,16	52,16	53,16						59,16	60,16	61,16	62,16	63,16	64,16						70,16	71,16	72,16	73,16	74,16	75,16
								9,17	10,17	11,17	12,17	13,17	14,17	15,17					20,17	21,17	22,17	23,17	24,17	25,17	26,17						32,17	33,17	34,17	35,17	36,17						42,17						48,17	49,17	50,17	51,17							58,17	59,17	60,17	61,17	62,17	63,17	64,17					69,17	70,17	71,17	72,17	73,17	74,17	75,17
								9,18	10,18	11,18	12,18	13,18	14,18	15,18	16,18					21,18	22,18	23,18	24,18	25,18	26,18	27,18							34,18	35,18						41,18	42,18	43,18						49,18	50,18							57,18	58,18	59,18	60,18	61,18	62,18	63,18					68,18	69,18	70,18	71,18	72,18	73,18	74,18	
									10,19	11,19	12,19	13,19	14,19	15,19	16,19	17,19					22,19	23,19	24,19	25,19	26,19	27,19	28,19												40,19	41,19	42,19	43,19	44,19											55,19	56,19	57,19	58,19	59,19	60,19	61,19	62,19					67,19	68,19	69,19	70,19	71,19	72,19	73,19		
										11,20	12,20	13,20	14,20	15,20	16,20	17,20	18,20						24,20	25,20	26,20	27,20	28,20	29,20										39,20	40,20	41,20	42,20	43,20	44,20	45,20									54,20	55,20	56,20	57,20	58,20	59,20	60,20						66,20	67,20	68,20	69,20	70,20	71,20	72,20			
												13,21	14,21	15,21	16,21	17,21	18,21	19,21	20,21						26,21	27,21	28,21	29,21	30,21	31,21						37,21	38,21	39,21	40,21	41,21	42,21	43,21	44,21	45,21	46,21							53,21	54,21	55,21	56,21	57,21	58,21						64,21	65,21	66,21	67,21	68,21	69,21	70,21	71,21				
													14,22	15,22	16,22	17,22	18,22	19,22	20,22	21,22	22,22							29,22	30,22	31,22	32,22				36,22	37,22	38,22	39,22	40,22	41,22	42,22	43,22	44,22	45,22	46,22	47,22					52,22	53,22	54,22								62,22	63,22	64,22	65,22	66,22	67,22	68,22	69,22						
															16,23	17,23	18,23	19,23	20,23	21,23	22,23	23,23	24,23	25,23										35,23	36,23	37,23	38,23	39,23	40,23	41,23	42,23	43,23	44,23	45,23	46,23	47,23	48,23											59,23	60,23	61,23	62,23	63,23	64,23	65,23	66,23	67,23	68,23							
																	18,24	19,24	20,24	21,24	22,24	23,24	24,24	25,24	26,24	27,24	28,24	29,24																										55,24	56,24	57,24	58,24	59,24	60,24	61,24	62,24	63,24	64,24	65,24										
																				21,25	22,25	23,25	24,25	25,25	26,25	27,25	28,25	29,25	30,25	31,25	32,25	33,25	34,25	35,25	36,25											47,25	48,25	49,25	50,25	51,25	52,25	53,25	54,25	55,25	56,25	57,25	58,25	59,25	60,25	61,25	62,25													
																								25,26	26,26	27,26	28,26	29,26	30,26	31,26	32,26	33,26	34,26	35,26	36,26	37,26	38,26	39,26	40,26	41,26	42,26	43,26	44,26	45,26	46,26	47,26	48,26	49,26	50,26	51,26	52,26	53,26	54,26	55,26	56,26	57,26	58,26	59,26																
																													30,27	31,27	32,27	33,27	34,27	35,27	36,27	37,27	38,27	39,27	40,27	41,27	42,27	43,27	44,27	45,27	46,27	47,27	48,27	49,27	50,27	51,27	52,27	53,27																						